      0.00      5.00    100.00      5.00     25.00
      0.00      5.00    100.00     15.00     25.12
      0.00      5.00    100.00     25.00     25.49
      0.00      5.00    100.00     35.00     26.10
      0.00      5.00    100.00     45.00     26.93
      0.00      5.00    100.00     55.00     27.95
      0.00      5.00    100.00     65.00     29.15
      0.00      5.00    100.00     75.00     30.52
      0.00      5.00    100.00     85.00     32.02
      0.00      5.00    100.00     95.00     33.63
      0.00      5.00    100.00    105.00     35.35
      0.00      5.00    100.00    115.00     36.81
      0.00      5.00    100.00    125.00     38.25
      0.00      5.00    100.00    155.00     43.97
      0.00      5.00    100.00    165.00     45.98
      0.00      5.00    100.00    175.00     48.14
      0.00      5.00    100.00    185.00     50.32
      0.00      5.00    100.00    195.00     52.54
      0.00     15.00    100.00      5.00     25.12
      0.00     15.00    100.00     15.00     25.00
      0.00     15.00    100.00     25.00     25.12
      0.00     15.00    100.00     35.00     25.49
      0.00     15.00    100.00     45.00     26.10
      0.00     15.00    100.00     55.00     26.93
      0.00     15.00    100.00     65.00     27.95
      0.00     15.00    100.00     75.00     29.15
      0.00     15.00    100.00     85.00     30.52
      0.00     15.00    100.00     95.00     32.02
      0.00     15.00    100.00    105.00     33.63
      0.00     15.00    100.00    115.00     34.98
      0.00     15.00    100.00    125.00     36.19
      0.00     15.00    100.00    155.00     41.76
      0.00     15.00    100.00    165.00     43.85
      0.00     15.00    100.00    175.00     45.98
      0.00     15.00    100.00    185.00     48.14
      0.00     15.00    100.00    195.00     50.32
      0.00     25.00    100.00      5.00     25.49
      0.00     25.00    100.00     15.00     25.12
      0.00     25.00    100.00     25.00     25.00
      0.00     25.00    100.00     35.00     25.12
      0.00     25.00    100.00     45.00     25.49
      0.00     25.00    100.00     55.00     26.10
      0.00     25.00    100.00     65.00     26.93
      0.00     25.00    100.00     75.00     27.95
      0.00     25.00    100.00     85.00     29.15
      0.00     25.00    100.00     95.00     30.52
      0.00     25.00    100.00    105.00     32.02
      0.00     25.00    100.00    115.00     33.13
      0.00     25.00    100.00    155.00     39.71
      0.00     25.00    100.00    165.00     41.76
      0.00     25.00    100.00    175.00     43.85
      0.00     25.00    100.00    185.00     45.98
      0.00     25.00    100.00    195.00     48.13
      0.00     35.00    100.00      5.00     26.10
      0.00     35.00    100.00     15.00     25.49
      0.00     35.00    100.00     25.00     25.12
      0.00     35.00    100.00     35.00     25.00
      0.00     35.00    100.00     45.00     25.12
      0.00     35.00    100.00     55.00     25.49
      0.00     35.00    100.00     65.00     26.10
      0.00     35.00    100.00     75.00     26.93
      0.00     35.00    100.00     85.00     27.95
      0.00     35.00    100.00     95.00     29.15
      0.00     35.00    100.00    105.00     30.52
      0.00     35.00    100.00    115.00     31.27
      0.00     35.00    100.00    145.00     35.77
      0.00     35.00    100.00    155.00     37.72
      0.00     35.00    100.00    165.00     39.72
      0.00     35.00    100.00    175.00     41.76
      0.00     35.00    100.00    185.00     43.85
      0.00     35.00    100.00    195.00     45.98
      0.00     45.00    100.00      5.00     26.93
      0.00     45.00    100.00     15.00     26.10
      0.00     45.00    100.00     25.00     25.49
      0.00     45.00    100.00     35.00     25.12
      0.00     45.00    100.00     45.00     25.00
      0.00     45.00    100.00     55.00     25.12
      0.00     45.00    100.00     65.00     25.49
      0.00     45.00    100.00     75.00     26.10
      0.00     45.00    100.00     85.00     26.93
      0.00     45.00    100.00     95.00     27.95
      0.00     45.00    100.00    105.00     29.15
      0.00     45.00    100.00    115.00     29.47
      0.00     45.00    100.00    135.00     32.10
      0.00     45.00    100.00    145.00     33.89
      0.00     45.00    100.00    155.00     35.78
      0.00     45.00    100.00    165.00     37.71
      0.00     45.00    100.00    175.00     39.72
      0.00     45.00    100.00    185.00     41.76
      0.00     45.00    100.00    195.00     43.85
      0.00     55.00    100.00      5.00     27.95
      0.00     55.00    100.00     15.00     26.93
      0.00     55.00    100.00     25.00     26.10
      0.00     55.00    100.00     35.00     25.49
      0.00     55.00    100.00     45.00     25.12
      0.00     55.00    100.00     55.00     25.00
      0.00     55.00    100.00     65.00     25.12
      0.00     55.00    100.00     75.00     25.49
      0.00     55.00    100.00     85.00     26.10
      0.00     55.00    100.00     95.00     26.93
      0.00     55.00    100.00    115.00     27.73
      0.00     55.00    100.00    135.00     30.33
      0.00     55.00    100.00    145.00     32.07
      0.00     55.00    100.00    155.00     33.89
      0.00     55.00    100.00    165.00     35.78
      0.00     55.00    100.00    175.00     37.72
      0.00     55.00    100.00    185.00     39.72
      0.00     55.00    100.00    195.00     41.76
      0.00     65.00    100.00      5.00     29.15
      0.00     65.00    100.00     15.00     27.95
      0.00     65.00    100.00     25.00     26.93
      0.00     65.00    100.00     35.00     26.10
      0.00     65.00    100.00     45.00     25.49
      0.00     65.00    100.00     55.00     25.12
      0.00     65.00    100.00     65.00     25.00
      0.00     65.00    100.00     75.00     25.12
      0.00     65.00    100.00     85.00     25.49
      0.00     65.00    100.00     95.00     25.88
      0.00     65.00    100.00    115.00     26.15
      0.00     65.00    100.00    125.00     27.08
      0.00     65.00    100.00    135.00     28.67
      0.00     65.00    100.00    145.00     30.33
      0.00     65.00    100.00    155.00     32.07
      0.00     65.00    100.00    165.00     33.89
      0.00     65.00    100.00    175.00     35.77
      0.00     75.00    100.00      5.00     30.52
      0.00     75.00    100.00     15.00     29.15
      0.00     75.00    100.00     25.00     27.95
      0.00     75.00    100.00     35.00     26.93
      0.00     75.00    100.00     45.00     26.10
      0.00     75.00    100.00     55.00     25.49
      0.00     75.00    100.00     65.00     25.12
      0.00     75.00    100.00     95.00     24.62
      0.00     75.00    100.00    115.00     24.72
      0.00     75.00    100.00    125.00     25.57
      0.00     75.00    100.00    135.00     27.08
      0.00     75.00    100.00    145.00     28.67
      0.00     75.00    100.00    155.00     30.33
      0.00     75.00    100.00    165.00     32.07
      0.00     85.00    100.00      5.00     32.02
      0.00     85.00    100.00     15.00     30.52
      0.00     85.00    100.00     25.00     29.15
      0.00     85.00    100.00     35.00     27.95
      0.00     85.00    100.00     45.00     26.93
      0.00     85.00    100.00     55.00     26.10
      0.00     85.00    100.00     95.00     23.38
      0.00     85.00    100.00    105.00     23.65
      0.00     85.00    100.00    115.00     23.36
      0.00     85.00    100.00    125.00     24.12
      0.00     85.00    100.00    135.00     25.57
      0.00     85.00    100.00    145.00     27.08
      0.00     85.00    100.00    165.00     30.55
      0.00     85.00    100.00    195.00     36.19
      0.00     95.00    100.00      5.00     33.23
      0.00     95.00    100.00     15.00     31.57
      0.00     95.00    100.00     25.00     30.02
      0.00     95.00    100.00     35.00     28.56
      0.00     95.00    100.00     45.00     27.21
      0.00     95.00    100.00     55.00     25.91
      0.00     95.00    100.00     65.00     24.67
      0.00     95.00    100.00     75.00     23.61
      0.00     95.00    100.00     85.00     23.08
      0.00     95.00    100.00     95.00     22.96
      0.00     95.00    100.00    115.00     22.67
      0.00     95.00    100.00    135.00     24.69
      0.00     95.00    100.00    155.00     27.64
      0.00     95.00    100.00    165.00     29.50
      0.00     95.00    100.00    175.00     31.26
      0.00     95.00    100.00    185.00     33.13
      0.00     95.00    100.00    195.00     34.98
      0.00    105.00    100.00      5.00     34.61
      0.00    105.00    100.00     15.00     32.84
      0.00    105.00    100.00     25.00     31.15
      0.00    105.00    100.00     35.00     29.55
      0.00    105.00    100.00     45.00     28.04
      0.00    105.00    100.00     55.00     26.62
      0.00    105.00    100.00     75.00     24.24
      0.00    105.00    100.00     85.00     23.65
      0.00    105.00    100.00    115.00     23.08
      0.00    105.00    100.00    125.00     23.65
      0.00    105.00    100.00    135.00     24.96
      0.00    105.00    100.00    145.00     26.31
      0.00    105.00    100.00    155.00     27.70
      0.00    105.00    100.00    165.00     29.15
      0.00    105.00    100.00    175.00     30.52
      0.00    105.00    100.00    185.00     32.02
      0.00    105.00    100.00    195.00     33.63
      0.00    115.00    100.00      5.00     36.46
      0.00    115.00    100.00     15.00     34.61
      0.00    115.00    100.00     25.00     32.84
      0.00    115.00    100.00     35.00     31.15
      0.00    115.00    100.00     45.00     29.55
      0.00    115.00    100.00     55.00     28.04
      0.00    115.00    100.00     65.00     26.59
      0.00    115.00    100.00     75.00     25.58
      0.00    115.00    100.00     85.00     24.96
      0.00    115.00    100.00     95.00     24.62
      0.00    115.00    100.00    105.00     23.38
      0.00    115.00    100.00    115.00     22.96
      0.00    115.00    100.00    125.00     23.38
      0.00    115.00    100.00    135.00     24.62
      0.00    115.00    100.00    145.00     25.88
      0.00    115.00    100.00    155.00     26.93
      0.00    115.00    100.00    165.00     27.95
      0.00    115.00    100.00    175.00     29.15
      0.00    115.00    100.00    185.00     30.52
      0.00    115.00    100.00    195.00     32.02
      0.00    125.00    100.00      5.00     38.38
      0.00    125.00    100.00     15.00     36.46
      0.00    125.00    100.00     25.00     34.61
      0.00    125.00    100.00     35.00     32.84
      0.00    125.00    100.00     45.00     31.15
      0.00    125.00    100.00     55.00     29.55
      0.00    125.00    100.00     65.00     28.07
      0.00    125.00    100.00     75.00     27.03
      0.00    125.00    100.00     85.00     26.31
      0.00    125.00    100.00     95.00     24.96
      0.00    125.00    100.00    105.00     23.65
      0.00    125.00    100.00    115.00     23.08
      0.00    125.00    100.00    125.00     25.00
      0.00    125.00    100.00    135.00     25.12
      0.00    125.00    100.00    145.00     25.49
      0.00    125.00    100.00    155.00     26.10
      0.00    125.00    100.00    165.00     26.93
      0.00    125.00    100.00    175.00     27.95
      0.00    125.00    100.00    185.00     29.15
      0.00    125.00    100.00    195.00     30.52
      0.00    135.00    100.00      5.00     40.35
      0.00    135.00    100.00     15.00     38.38
      0.00    135.00    100.00     25.00     36.46
      0.00    135.00    100.00     35.00     34.61
      0.00    135.00    100.00     45.00     32.84
      0.00    135.00    100.00     65.00     29.65
      0.00    135.00    100.00     75.00     28.43
      0.00    135.00    100.00     85.00     27.05
      0.00    135.00    100.00     95.00     25.65
      0.00    135.00    100.00    115.00     23.61
      0.00    135.00    100.00    125.00     24.02
      0.00    135.00    100.00    135.00     25.00
      0.00    135.00    100.00    145.00     25.12
      0.00    135.00    100.00    155.00     25.49
      0.00    135.00    100.00    165.00     26.10
      0.00    135.00    100.00    175.00     26.93
      0.00    135.00    100.00    185.00     27.95
      0.00    135.00    100.00    195.00     29.15
      0.00    145.00    100.00      5.00     42.38
      0.00    145.00    100.00     15.00     40.35
      0.00    145.00    100.00     25.00     38.38
      0.00    145.00    100.00     35.00     36.41
      0.00    145.00    100.00     65.00     31.15
      0.00    145.00    100.00     85.00     28.20
      0.00    145.00    100.00     95.00     26.66
      0.00    145.00    100.00    115.00     24.65
      0.00    145.00    100.00    125.00     25.49
      0.00    145.00    100.00    135.00     25.12
      0.00    145.00    100.00    145.00     25.00
      0.00    145.00    100.00    155.00     25.12
      0.00    145.00    100.00    165.00     25.49
      0.00    145.00    100.00    175.00     26.10
      0.00    145.00    100.00    185.00     26.93
      0.00    145.00    100.00    195.00     27.95
      0.00    155.00    100.00      5.00     44.46
      0.00    155.00    100.00     15.00     42.29
      0.00    155.00    100.00     25.00     40.15
      0.00    155.00    100.00     55.00     34.33
      0.00    155.00    100.00     85.00     29.55
      0.00    155.00    100.00     95.00     28.04
      0.00    155.00    100.00    105.00     26.62
      0.00    155.00    100.00    115.00     25.91
      0.00    155.00    100.00    125.00     26.10
      0.00    155.00    100.00    135.00     25.49
      0.00    155.00    100.00    145.00     25.12
      0.00    155.00    100.00    155.00     25.00
      0.00    155.00    100.00    165.00     25.12
      0.00    155.00    100.00    175.00     25.49
      0.00    155.00    100.00    185.00     26.10
      0.00    155.00    100.00    195.00     26.93
      0.00    165.00    100.00     75.00     32.84
      0.00    165.00    100.00     85.00     31.15
      0.00    165.00    100.00     95.00     29.55
      0.00    165.00    100.00    105.00     28.04
      0.00    165.00    100.00    115.00     27.21
      0.00    165.00    100.00    125.00     26.93
      0.00    165.00    100.00    135.00     26.10
      0.00    165.00    100.00    145.00     25.49
      0.00    165.00    100.00    155.00     25.12
      0.00    165.00    100.00    165.00     25.00
      0.00    165.00    100.00    175.00     25.12
      0.00    165.00    100.00    185.00     25.49
      0.00    165.00    100.00    195.00     26.10
      0.00    175.00    100.00     65.00     36.41
      0.00    175.00    100.00     75.00     34.61
      0.00    175.00    100.00     85.00     32.84
      0.00    175.00    100.00     95.00     31.15
      0.00    175.00    100.00    105.00     29.55
      0.00    175.00    100.00    115.00     28.57
      0.00    175.00    100.00    125.00     27.95
      0.00    175.00    100.00    135.00     26.93
      0.00    175.00    100.00    145.00     26.10
      0.00    175.00    100.00    155.00     25.49
      0.00    175.00    100.00    165.00     25.12
      0.00    175.00    100.00    175.00     25.00
      0.00    175.00    100.00    185.00     25.12
      0.00    175.00    100.00    195.00     25.49
      0.00    185.00    100.00     55.00     40.15
      0.00    185.00    100.00     65.00     38.38
      0.00    185.00    100.00     75.00     36.46
      0.00    185.00    100.00     85.00     34.61
      0.00    185.00    100.00     95.00     32.84
      0.00    185.00    100.00    105.00     31.15
      0.00    185.00    100.00    115.00     30.02
      0.00    185.00    100.00    125.00     29.15
      0.00    185.00    100.00    135.00     27.95
      0.00    185.00    100.00    145.00     26.93
      0.00    185.00    100.00    155.00     26.10
      0.00    185.00    100.00    165.00     25.49
      0.00    185.00    100.00    175.00     25.12
      0.00    185.00    100.00    185.00     25.00
      0.00    185.00    100.00    195.00     25.12
      0.00    195.00    100.00     15.00     50.33
      0.00    195.00    100.00     25.00     48.12
      0.00    195.00    100.00     55.00     42.29
      0.00    195.00    100.00     65.00     40.35
      0.00    195.00    100.00     75.00     38.38
      0.00    195.00    100.00     85.00     36.46
      0.00    195.00    100.00     95.00     34.61
      0.00    195.00    100.00    105.00     32.84
      0.00    195.00    100.00    115.00     31.57
      0.00    195.00    100.00    125.00     30.52
      0.00    195.00    100.00    135.00     29.15
      0.00    195.00    100.00    145.00     27.95
      0.00    195.00    100.00    155.00     26.93
      0.00    195.00    100.00    165.00     26.10
      0.00    195.00    100.00    175.00     25.49
      0.00    195.00    100.00    185.00     25.12
      0.00    195.00    100.00    195.00     25.00
